70 0 0 0 0 0 0 0 1 15
85 0 0 0 0 0 0 0 2 29
100 0 0 0 0 0 0 0 3 43
115 0 0 0 0 0 0 0 4 57
175 0 0 0 0 0 0 1 0 15
130 0 0 0 0 0 0 0 5 71
190 0 0 0 0 0 0 1 1 29
145 0 0 0 0 0 0 0 6 85
205 0 0 0 0 0 0 1 2 43
160 0 0 0 0 0 0 0 7 99
220 0 0 0 0 0 0 1 3 57
235 0 0 0 0 0 0 1 4 71
295 0 0 0 0 0 0 2 0 29
250 0 0 0 0 0 0 1 5 85
310 0 0 0 0 0 0 2 1 43
265 0 0 0 0 0 0 1 6 99
325 0 0 0 0 0 0 2 2 57
280 0 0 0 0 0 0 1 7 113
340 0 0 0 0 0 0 2 3 71
355 0 0 0 0 0 0 2 4 85
415 0 0 0 0 0 0 3 0 43
370 0 0 0 0 0 0 2 5 99
430 0 0 0 0 0 0 3 1 57
385 0 0 0 0 0 0 2 6 113
445 0 0 0 0 0 0 3 2 71
400 0 0 0 0 0 0 2 7 127
460 0 0 0 0 0 0 3 3 85
475 0 0 0 0 0 0 3 4 99
535 0 0 0 0 0 0 4 0 57
490 0 0 0 0 0 0 3 5 113
550 0 0 0 0 0 0 4 1 71
505 0 0 0 0 0 0 3 6 127
565 0 0 0 0 0 0 4 2 85
520 0 0 0 0 0 0 3 7 141
580 0 0 0 0 0 0 4 3 99
595 0 0 0 0 0 0 4 4 113
655 0 0 0 0 0 0 5 0 71
610 0 0 0 0 0 0 4 5 127
670 0 0 0 0 0 0 5 1 85
625 0 0 0 0 0 0 4 6 141
685 0 0 0 0 0 0 5 2 99
640 0 0 0 0 0 0 4 7 155
700 0 0 0 0 0 0 5 3 113
715 0 0 0 0 0 0 5 4 127
775 0 0 0 0 0 0 6 0 85
730 0 0 0 0 0 0 5 5 141
790 0 0 0 0 0 0 6 1 99
745 0 0 0 0 0 0 5 6 155
805 0 0 0 0 0 0 6 2 113
760 0 0 0 0 0 0 5 7 169
820 0 0 0 0 0 0 6 3 127
835 0 0 0 0 0 0 6 4 141
895 0 0 0 0 0 0 7 0 99
850 0 0 0 0 0 0 6 5 155
